1.1     0.
1.4832  1.823e-3
1.4921  1.823e-3
1.501  3.646e-3
1.51  3.646e-3
1.5191  3.646e-3
1.5282  3.646e-3
1.5373  3.646e-3
1.5466  3.646e-3
1.5558  3.646e-3
1.5651  3.646e-3
1.5745  5.469e-3
1.5838  5.469e-3
1.5934  5.469e-3
1.603  5.469e-3
1.6126  5.469e-3
1.6221  5.469e-3
1.632  7.292e-3
1.6417  7.292e-3
1.6516  7.292e-3
1.6615  7.292e-3
1.6714  7.292e-3
1.6814  7.292e-3
1.6915  9.115e-3
1.7016  9.115e-3
1.7118  9.115e-3
1.7221  9.115e-3
1.7324  9.115e-3
1.7428  0.0109
1.7532  0.0109
1.7637  0.0109
1.7743  0.0109
1.7849  0.0109
1.7955  0.0128
1.8064  0.0128
1.8172  0.0128
1.8281  0.0128
1.839  0.0146
1.85  0.0146
1.8611  0.0146
1.8723  0.0146
1.8835  0.0164
1.8948  0.0164
1.9061  0.0164
1.9176  0.0182
1.9291  0.0182
1.9405  0.0182
1.9522  0.0182
1.9639  0.0201
1.9757  0.0201
1.9875  0.0201
1.9994  0.0201
2.0114  0.0219
2.0235  0.0219
2.0356  0.0219
2.0478  0.0237
2.0601  0.0237
2.0724  0.0255
2.0848  0.0255
2.0973  0.0255
2.1099  0.0273
2.1225  0.0273
2.1352  0.0273
2.148  0.0292
2.1609  0.0292
2.1738  0.0292
2.1868  0.031
2.1999  0.031
2.2131  0.031
2.2264  0.0328
2.2397  0.0328
2.253  0.0346
2.2666  0.0346
2.2802  0.0365
2.2939  0.0365
2.3075  0.0383
2.3214  0.0383
2.3354  0.0401
2.3493  0.0401
2.3634  0.0419
2.3776  0.0419
2.3918  0.0438
2.4062  0.0438
2.4205  0.0456
2.4351  0.0456
2.4497  0.0474
2.4643  0.0492
2.4791  0.0492
2.4939  0.051
2.5089  0.051
2.5239  0.051
2.5239  0.0529
2.539  0.0547
2.5542  0.0565
2.5695  0.0565
2.5849  0.0583
2.6004  0.0602
2.616  0.0602
2.6317  0.062
2.6474  0.0638
2.6633  0.0656
2.6793  0.0656
2.6953  0.0656
2.7115  0.0675
2.7115  0.0693
2.7277  0.0693
2.7277  0.0711
2.744  0.0729
2.7605  0.0747
2.777  0.0766
2.7936  0.0766
2.8104  0.0766
2.8272  0.0784
2.8441  0.0802
2.8612  0.082
2.8784  0.0839
2.8956  0.0857
2.9129  0.0875
2.9304  0.0893
2.9479  0.0912
2.9479  0.093
2.9656  0.0948
2.9834  0.0966
2.9834  0.0984
3.0013  0.1003
3.0192  0.1021
3.0192  0.1039
3.0373  0.1039
3.0373  0.1057
3.0555  0.1076
3.0738  0.1094
3.0922  0.1112
3.0922  0.113
3.0922  0.1148
3.1108  0.1167
3.1294  0.1167
3.1294  0.1185
3.1481  0.1185
3.167  0.1203
3.186  0.1221
3.186  0.124
3.2051  0.124
3.2051  0.1258
3.2243  0.1276
3.2243  0.1294
3.2243  0.1313
3.2436  0.1331
3.263  0.1349
3.2826  0.1367
3.3022  0.1385
3.322  0.1404
3.3418  0.1421
3.3418  0.144
3.3618  0.144
3.3618  0.1458
3.382  0.1477
3.382  0.1495
3.382  0.1513
3.4022  0.1531
3.4022  0.155
3.4227  0.1568
3.4432  0.1586
3.4432  0.1604
3.4638  0.1622
3.4846  0.1641
3.5055  0.1659
3.5265  0.1677
3.5476  0.1695
3.5476  0.1714
3.5689  0.1714
3.5689  0.1732
3.5689  0.175
3.5901  0.1768
3.6117  0.1787
3.6117  0.1804
3.6117  0.1823
3.6334  0.1841
3.6552  0.1859
3.677  0.1878
3.677  0.1896
3.6991  0.1914
3.6991  0.1932
3.7212  0.1932
3.7212  0.1951
3.7435  0.1969
3.766  0.1987
3.766  0.2005
3.766  0.2024
3.7885  0.2042
3.8112  0.206
3.8112  0.2078
3.834  0.2096
3.834  0.2115
3.834  0.2133
3.857  0.2151
3.8801  0.2169
3.9034  0.2187
3.9034  0.2206
3.9268  0.2224
3.9268  0.2242
3.9268  0.2261
3.9503  0.2279
3.9739  0.2297
3.9978  0.2315
3.9978  0.2333
4.0217  0.2352
4.0217  0.237
4.0458  0.2388
4.0458  0.2406
4.07  0.2425
4.07  0.2443
4.0944  0.2461
4.0944  0.2479
4.0944  0.2498
4.1189  0.2516
4.1189  0.2534
4.1436  0.2551
4.1436  0.257
4.1684  0.2589
4.1684  0.2607
4.1934  0.2607
4.1934  0.2625
4.2185  0.2643
4.2438  0.2662
4.2438  0.268
4.2692  0.2698
4.2692  0.2716
4.2948  0.2735
4.2948  0.2753
4.2948  0.2771
4.2948  0.2789
4.3205  0.2807
4.3205  0.2826
4.3464  0.2844
4.3464  0.2862
4.3725  0.288
4.3725  0.2899
4.3987  0.2917
4.3987  0.2934
4.425  0.2953
4.425  0.2972
4.4515  0.299
4.4515  0.3008
4.4782  0.3026
4.4782  0.3044
4.505  0.3044
4.505  0.3063
4.532  0.3081
4.532  0.3099
4.5592  0.3117
4.5592  0.3136
4.5865  0.3154
4.5865  0.3172
4.6139  0.319
4.6139  0.3208
4.6416  0.3227
4.6416  0.3245
4.6416  0.3263
4.6416  0.3281
4.6694  0.33
4.6694  0.3317
4.6974  0.3317
4.6974  0.3336
4.7255  0.3354
4.7255  0.3373
4.7538  0.3391
4.7538  0.3409
4.7823  0.3427
4.7823  0.3445
4.7823  0.3464
4.7823  0.3482
4.811  0.35
4.811  0.3518
4.8397  0.3518
4.8397  0.3537
4.8688  0.3555
4.8688  0.3573
4.8979  0.3591
4.8979  0.361
4.9273  0.3628
4.9567  0.3646
4.9567  0.3664
4.9567  0.3682
4.9567  0.37
4.9567  0.3719
4.9865  0.3737
5.0164  0.3755
5.0164  0.3774
5.0464  0.3792
5.0464  0.381
5.0766  0.3828
5.0766  0.3847
5.0766  0.3865
5.0766  0.3883
5.1071  0.3901
5.1377  0.3919
5.1377  0.3938
5.1684  0.3956
5.1684  0.3974
5.1684  0.3992
5.1684  0.4011
5.1994  0.4029
5.2305  0.4047
5.2305  0.4064
5.2619  0.4083
5.2619  0.4102
5.2619  0.412
5.2619  0.4138
5.2934  0.4156
5.3251  0.4175
5.3251  0.4193
5.357  0.4211
5.357  0.4229
5.357  0.4248
5.357  0.4266
5.3891  0.4284
5.4214  0.4302
5.4214  0.4321
5.4539  0.4339
5.4539  0.4357
5.4539  0.4375
5.4866  0.4393
5.4866  0.4412
5.5194  0.443
5.5194  0.4447
5.5194  0.4466
5.5194  0.4485
5.5525  0.4503
5.5857  0.4521
5.5857  0.4539
5.6192  0.4558
5.6192  0.4576
5.6192  0.4594
5.6529  0.4612
5.6529  0.463
5.6867  0.4649
5.6867  0.4667
5.6867  0.4685
5.6867  0.4703
5.7208  0.4722
5.7551  0.474
5.7551  0.4758
5.7896  0.4776
5.7896  0.4795
5.7896  0.4813
5.8242  0.483
5.8242  0.4849
5.8591  0.4867
5.8591  0.4886
5.8591  0.4904
5.8591  0.4922
5.8942  0.494
5.9296  0.4959
5.9651  0.4977
5.9651  0.4995
5.9651  0.5013
5.9651  0.5032
5.9651  0.505
6.0008  0.5068
6.0368  0.5086
6.0368  0.5104
6.0368  0.5123
6.0729  0.5141
6.0729  0.5159
6.1093  0.5177
6.1093  0.5196
6.1459  0.5213
6.1459  0.5232
6.1459  0.525
6.1459  0.5268
6.1827  0.5287
6.2198  0.5305
6.2198  0.5323
6.257  0.5341
6.257  0.536
6.257  0.5377
6.257  0.5396
6.2945  0.5413
6.3322  0.5433
6.3322  0.5451
6.3702  0.5469
6.3702  0.5487
6.3702  0.5505
6.3702  0.5524
6.4083  0.5542
6.4466  0.556
6.4466  0.5577
6.4853  0.5596
6.4853  0.5615
6.4853  0.5633
6.5242  0.5651
6.5242  0.567
6.5633  0.5688
6.5633  0.5706
6.5633  0.5724
6.5633  0.5742
6.6026  0.576
6.6421  0.5779
6.6421  0.5796
6.6819  0.5815
6.6819  0.5834
6.6819  0.5852
6.6819  0.587
6.722  0.5888
6.7622  0.5907
6.7622  0.5925
6.8028  0.5943
6.8028  0.596
6.8028  0.5979
6.8028  0.5998
6.8435  0.6016
6.8435  0.6034
6.8845  0.6034
6.8845  0.6052
6.9258  0.6071
6.9258  0.6089
6.9672  0.6107
6.9672  0.6125
7.009  0.6143
7.009  0.6162
7.009  0.6179
7.009  0.6198
7.051  0.6216
7.051  0.6235
7.0932  0.6235
7.0932  0.6253
7.1357  0.6271
7.1357  0.6289
7.1785  0.6308
7.1785  0.6326
7.2215  0.6343
7.2215  0.6362
7.2647  0.6381
7.2647  0.6399
7.3082  0.6417
7.3082  0.6435
7.3082  0.6453
7.3082  0.6472
7.3519  0.649
7.3519  0.6508
7.3961  0.6526
7.3961  0.6545
7.4404  0.6545
7.4404  0.6562
7.4849  0.6581
7.4849  0.6599
7.5298  0.6618
7.5298  0.6636
7.5749  0.6654
7.5749  0.6672
7.6202  0.669
7.6202  0.6709
7.6659  0.6726
7.6659  0.6745
7.7119  0.6763
7.7119  0.6782
7.7581  0.68
7.7581  0.6818
7.8045  0.6836
7.8045  0.6855
7.8513  0.6873
7.8513  0.6891
7.8982  0.6909
7.8982  0.6926
7.9457  0.6945
7.9457  0.6964
7.9457  0.6982
7.9933  0.7
8.0411  0.7019
8.0893  0.7037
8.0893  0.7055
8.1378  0.7073
8.1378  0.7092
8.1378  0.7109
8.1865  0.7128
8.2356  0.7146
8.2849  0.7164
8.2849  0.7183
8.2849  0.7201
8.3345  0.7219
8.3845  0.7237
8.4346  0.7256
8.4346  0.7274
8.4346  0.7292
8.4852  0.7309
8.5361  0.7328
8.5872  0.7347
8.5872  0.7365
8.6387  0.7383
8.6904  0.7401
8.6904  0.742
8.6904  0.7438
8.7425  0.7456
8.7425  0.7473
8.7948  0.7492
8.8475  0.7511
8.9005  0.7529
8.9539  0.7547
8.9539  0.7565
9.0075  0.7584
9.0615  0.7602
9.1158  0.762
9.1158  0.7638
9.1703  0.7638
9.1703  0.7657
9.2253  0.7675
9.2253  0.7692
9.2806  0.7692
9.2806  0.7711
9.2806  0.773
9.2806  0.7748
9.3362  0.7766
9.3921  0.7784
9.4484  0.7802
9.505  0.7821
9.505  0.7839
9.5619  0.7839
9.5619  0.7856
9.5619  0.7875
9.6192  0.7894
9.6768  0.7912
9.6768  0.793
9.7348  0.7948
9.7931  0.7967
9.8518  0.7985
9.9108  0.8003
9.9702  0.8021
9.9702  0.8039
10.0299  0.8039
10.0299  0.8058
10.09  0.8075
10.1504  0.8094
10.2113  0.8112
10.2724  0.8131
10.334  0.8149
10.3959  0.8167
10.3959  0.8185
10.4582  0.8204
10.5208  0.8204
10.5838  0.8222
10.6472  0.8222
10.7109  0.8239
10.7752  0.8258
10.8397  0.8276
10.9047  0.8276
10.9047  0.8295
10.97  0.8295
11.0357  0.8313
11.1019  0.8331
11.1684  0.8349
11.2353  0.8368
11.3026  0.8368
11.3026  0.8386
11.3703  0.8386
11.4384  0.8404
11.5069  0.8422
11.5758  0.8422
11.6452  0.8422
11.7149  0.8441
11.7149  0.8458
11.7852  0.8458
11.7852  0.8477
11.8558  0.8495
11.9268  0.8513
11.9983  0.8513
12.0701  0.8532
12.1424  0.855
12.2152  0.855
12.2884  0.8568
12.362  0.8568
12.436  0.8586
12.5105  0.8586
12.5855  0.8605
12.6609  0.8622
12.7367  0.8622
12.7367  0.8641
12.813  0.8641
12.8898  0.8641
12.967  0.8659
13.0447  0.8659
13.1229  0.8678
13.2015  0.8678
13.2806  0.8696
13.3601  0.8696
13.4402  0.8714
13.5207  0.8714
13.6017  0.8732
13.6832  0.8732
13.7651  0.875
13.8476  0.875
13.9306  0.8769
14.014  0.8769
14.098  0.8787
14.1824  0.8787
14.2674  0.8787
14.3529  0.8787
14.4389  0.8805
14.5253  0.8805
14.6124  0.8805
14.6999  0.8805
14.788  0.8822
14.8766  0.8822
14.9657  0.8822
15.0554  0.8822
15.1456  0.8822
15.2363  0.8841
15.3276  0.8841
15.4194  0.8841
15.5118  0.8841
15.6047  0.8841
15.6982  0.8841
15.7922  0.8841
15.8868  0.8841
15.982  0.886
16.0778  0.886
16.1741  0.886
16.271  0.886
16.3685  0.886
16.4665  0.886
16.5652  0.886
16.6644  0.886
16.7642  0.886
16.8647  0.886
16.9657  0.886
17.0673  0.886
17.1696  0.886
17.2725  0.8878
17.3759  0.8878
17.48  0.8878
17.5847  0.8878
17.6901  0.8878
17.7961  0.8878
17.9026  0.8878
18.0099  0.8878
18.1178  0.8878
18.2264  0.8878
18.3356  0.8878
18.4454  0.8878
18.5558  0.8878
18.6671  0.8878
18.7789  0.8878
18.8914  0.886
19.0046  0.886
19.1184  0.886
19.233  0.886
19.3482  0.8841
19.4641  0.8841
19.5807  0.8841
19.698  0.8841
19.8159  0.8822
19.9348  0.8822
20.0542  0.8822
20.1743  0.8805
20.2952  0.8787
20.4168  0.8787
20.5391  0.8769
20.6621  0.8769
20.7859  0.875
20.9104  0.8732
21.0357  0.8732
21.1617  0.8714
21.2885  0.8696
21.416  0.8678
21.5443  0.8659
21.6734  0.8641
21.8033  0.8641
21.8033  0.8622
21.9339  0.8605
22.0653  0.8586
22.1975  0.8568
22.3305  0.855
22.4642  0.8532
22.5988  0.8513
22.7342  0.8495
22.7342  0.8477
22.8704  0.8458
23.0074  0.8441
23.1452  0.8422
23.1452  0.8404
23.2839  0.8386
23.4234  0.8368
23.4234  0.8349
23.5636  0.8331
23.7048  0.8313
23.7048  0.8295
23.8469  0.8276
23.9898  0.8258
23.9898  0.8239
24.1335  0.8222
24.1335  0.8204
24.2781  0.8185
24.2781  0.8167
24.4235  0.8149
24.4235  0.8131
24.5697  0.8112
24.5697  0.8094
24.717  0.8075
24.717  0.8058
24.8651  0.8039
24.8651  0.8021
25.0141  0.8003
25.0141  0.7985
25.1639  0.7967
25.1639  0.7948
25.3147  0.793
25.3147  0.7912
25.3147  0.7894
25.4663  0.7875
25.4663  0.7856
25.6189  0.7839
25.6189  0.7821
25.7724  0.7802
25.7724  0.7784
25.7724  0.7766
25.9268  0.7748
25.9268  0.773
26.0821  0.7711
26.0821  0.7692
26.0821  0.7675
26.2383  0.7657
26.2383  0.7638
26.2383  0.762
26.3955  0.7602
26.3955  0.7584
26.5537  0.7565
26.5537  0.7547
26.5537  0.7529
26.7127  0.7511
26.7127  0.7492
26.7127  0.7473
26.8728  0.7456
26.8728  0.7438
26.8728  0.742
27.0338  0.7401
27.0338  0.7383
27.0338  0.7365
27.1957  0.7347
27.1957  0.7328
27.1957  0.7309
27.3587  0.7292
27.3587  0.7274
27.3587  0.7256
27.5226  0.7237
27.5226  0.7219
27.5226  0.7201
27.6874  0.7183
27.6874  0.7164
27.6874  0.7146
27.8533  0.7128
27.8533  0.7109
27.8533  0.7092
28.0202  0.7073
28.0202  0.7055
28.0202  0.7037
28.188  0.7019
28.188  0.7
28.188  0.6982
28.188  0.6964
28.3569  0.6945
28.3569  0.6926
28.3569  0.6909
28.5268  0.6891
28.5268  0.6873
28.5268  0.6855
28.6977  0.6836
28.6977  0.6818
28.6977  0.68
28.8696  0.6782
28.8696  0.6763
28.8696  0.6745
28.8696  0.6726
29.0426  0.6709
29.0426  0.669
29.0426  0.6672
29.2166  0.6654
29.2166  0.6636
29.2166  0.6618
29.3916  0.6599
29.3916  0.6581
29.3916  0.6562
29.3916  0.6545
29.5676  0.6526
29.5676  0.6508
29.7448  0.649
29.7448  0.6472
29.7448  0.6453
29.7448  0.6435
29.923  0.6417
29.923  0.6399
29.923  0.6381
30.1023  0.6362
30.1023  0.6343
30.1023  0.6326
30.2826  0.6308
30.2826  0.6289
30.2826  0.6271
30.2826  0.6253
30.464  0.6235
30.464  0.6216
30.464  0.6198
30.6465  0.6179
30.6465  0.6162
30.6465  0.6143
30.6465  0.6125
30.83  0.6107
30.83  0.6089
30.83  0.6071
31.0148  0.6052
31.0148  0.6034
31.0148  0.6016
31.0148  0.5998
31.0148  0.5979
31.2006  0.596
31.2006  0.5943
31.2006  0.5925
31.2006  0.5907
31.3876  0.5888
31.3876  0.587
31.3876  0.5852
31.3876  0.5834
31.5756  0.5815
31.5756  0.5796
31.5756  0.5779
31.5756  0.576
31.7648  0.5742
31.7648  0.5724
31.7648  0.5706
31.7648  0.5688
31.955  0.567
31.955  0.5651
31.955  0.5633
31.955  0.5615
32.1465  0.5596
32.1465  0.5577
32.1465  0.556
32.1465  0.5542
32.3391  0.5524
32.3391  0.5505
32.3391  0.5487
32.3391  0.5469
32.5328  0.5451
32.5328  0.5433
32.5328  0.5413
32.5328  0.5396
32.7277  0.5377
32.7277  0.536
32.7277  0.5341
32.7277  0.5323
32.9238  0.5305
32.9238  0.5287
32.9238  0.5268
32.9238  0.525
33.121  0.5232
33.121  0.5213
33.121  0.5196
33.121  0.5177
33.3194  0.5159
33.3194  0.5141
33.3194  0.5123
33.3194  0.5104
33.5191  0.5086
33.5191  0.5068
33.5191  0.505
33.5191  0.5032
33.5191  0.5013
33.7199  0.4995
33.7199  0.4977
33.7199  0.4959
33.7199  0.494
33.9219  0.4922
33.9219  0.4904
33.9219  0.4886
33.9219  0.4867
34.1251  0.4849
34.1251  0.483
34.1251  0.4813
34.1251  0.4795
34.3295  0.4776
34.3295  0.4758
34.3295  0.474
34.3295  0.4722
34.5352  0.4703
34.5352  0.4685
34.5352  0.4667
34.5352  0.4649
34.7421  0.463
34.7421  0.4612
34.7421  0.4594
34.7421  0.4576
34.9502  0.4558
34.9502  0.4539
34.9502  0.4521
34.9502  0.4503
35.1596  0.4485
35.1596  0.4466
35.1596  0.4447
35.1596  0.443
35.3703  0.4412
35.3703  0.4393
35.3703  0.4375
35.3703  0.4357
35.5821  0.4339
35.5821  0.4321
35.5821  0.4302
35.5821  0.4284
35.7953  0.4266
35.7953  0.4248
35.7953  0.4229
35.7953  0.4211
35.7953  0.4193
36.0098  0.4175
36.0098  0.4156
36.0098  0.4138
36.0098  0.412
36.2255  0.4102
36.2255  0.4083
36.2255  0.4064
36.2255  0.4047
36.4425  0.4029
36.4425  0.4011
36.4425  0.3992
36.4425  0.3974
36.6608  0.3956
36.6608  0.3938
36.6608  0.3919
36.6608  0.3901
36.8805  0.3883
36.8805  0.3865
36.8805  0.3847
36.8805  0.3828
37.1014  0.381
37.1014  0.3792
37.1014  0.3774
37.1014  0.3755
37.3237  0.3737
37.3237  0.3719
37.3237  0.37
37.3237  0.3682
37.5473  0.3664
37.5473  0.3646
37.5473  0.3628
37.5473  0.361
37.7722  0.3591
37.7722  0.3573
37.7722  0.3555
37.7722  0.3537
37.9985  0.3518
37.9985  0.35
37.9985  0.3482
37.9985  0.3464
38.2262  0.3445
38.2262  0.3427
38.2262  0.3409
38.2262  0.3391
38.4552  0.3373
38.4552  0.3354
38.4552  0.3336
38.4552  0.3317
38.6855  0.33
38.6855  0.3281
38.6855  0.3263
38.6855  0.3245
38.6855  0.3227
38.9173  0.3208
38.9173  0.319
38.9173  0.3172
38.9173  0.3154
39.1504  0.3136
39.1504  0.3117
39.1504  0.3099
39.1504  0.3081
39.385  0.3063
39.385  0.3044
39.385  0.3026
39.385  0.3008
39.6209  0.299
39.6209  0.2972
39.6209  0.2953
39.6209  0.2934
39.8582  0.2917
39.8582  0.2899
39.8582  0.288
39.8582  0.2862
40.0971  0.2844
40.0971  0.2826
40.0971  0.2807
40.3373  0.2789
40.3373  0.2771
40.3373  0.2753
40.3373  0.2735
40.3373  0.2716
40.3373  0.2698
40.579  0.268
40.8221  0.2662
40.8221  0.2643
40.8221  0.2625
41.0666  0.2607
41.0666  0.2589
41.0666  0.257
41.3126  0.2551
41.3126  0.2534
41.3126  0.2516
41.5601  0.2498
41.5601  0.2479
41.5601  0.2461
41.8091  0.2443
41.8091  0.2425
41.8091  0.2406
42.0596  0.2388
42.0596  0.237
42.0596  0.2352
42.3115  0.2333
42.3115  0.2315
42.5651  0.2297
42.5651  0.2279
42.5651  0.2261
42.8201  0.2242
42.8201  0.2224
42.8201  0.2206
43.0766  0.2187
43.0766  0.2169
43.0766  0.2151
43.3346  0.2133
43.3346  0.2115
43.3346  0.2096
43.5943  0.2078
43.5943  0.206
43.8554  0.2042
43.8554  0.2024
43.8554  0.2005
44.1182  0.1987
44.1182  0.1969
44.1182  0.1951
44.3825  0.1932
44.3825  0.1914
44.6484  0.1896
44.6484  0.1878
44.6484  0.1859
44.9158  0.1841
44.9158  0.1823
45.1849  0.1804
45.1849  0.1787
45.1849  0.1768
45.4556  0.175
45.4556  0.1732
45.7279  0.1714
45.7279  0.1695
45.7279  0.1677
46.0019  0.1659
46.0019  0.1641
46.2775  0.1622
46.2775  0.1604
46.5547  0.1586
46.5547  0.1568
46.5547  0.155
46.8336  0.1531
46.8336  0.1513
47.1142  0.1495
47.1142  0.1477
47.3963  0.1458
47.3963  0.144
47.6804  0.1421
47.6804  0.1404
47.966  0.1385
47.966  0.1367
47.966  0.1349
48.2534  0.1331
48.2534  0.1313
48.5425  0.1294
48.5425  0.1276
48.8333  0.1258
48.8333  0.124
49.1258  0.1221
49.4201  0.1203
49.4201  0.1185
49.7162  0.1167
49.7162  0.1148
50.0141  0.113
50.0141  0.1112
50.3136  0.1094
50.3136  0.1076
50.6151  0.1057
50.9183  0.1039
50.9183  0.1021
51.2234  0.1003
51.2234  0.0984
51.5303  0.0966
51.839  0.0948
51.839  0.093
52.1495  0.0912
52.4619  0.0893
52.7762  0.0875
52.7762  0.0857
53.0924  0.0839
53.4104  0.082
53.7305  0.0802
53.7305  0.0784
54.0523  0.0766
54.3761  0.0747
54.7019  0.0729
55.0296  0.0711
55.3593  0.0693
55.6909  0.0675
56.0246  0.0656
56.3602  0.0638
56.6979  0.062
57.0375  0.0602
57.3792  0.0583
57.7229  0.0565
58.0688  0.0547
58.4167  0.0547
58.7667  0.0547
58.7667  0.0529
59.1187  0.0529
59.4729  0.051
59.8292  0.0492
60.1876  0.0474
60.5482  0.0456
60.9109  0.0438
61.2758  0.0438
61.6429  0.0419
62.0122  0.0401
62.3837  0.0383
62.7574  0.0383
63.1334  0.0365
63.5117  0.0346
63.8921  0.0346
64.2749  0.0328
64.66  0.0328
65.0473  0.031
65.437  0.031
65.8291  0.0292
66.2234  0.0273
66.6202  0.0273
67.0193  0.0255
67.4208  0.0255
67.8247  0.0237
68.231  0.0237
68.6398  0.0237
69.051  0.0219
69.4647  0.0219
69.8808  0.0201
70.2995  0.0201
70.7206  0.0182
71.1443  0.0182
71.5705  0.0182
71.9992  0.0164
72.4306  0.0164
72.8645  0.0164
73.3011  0.0164
73.7402  0.0146
74.182  0.0146
74.6263  0.0146
75.0735  0.0146
75.5232  0.0128
75.9757  0.0128
76.4308  0.0128
76.8887  0.0128
77.3493  0.0128
77.8127  0.0109
78.2789  0.0109
78.7478  0.0109
79.2196  0.0109
79.6942  0.0109
80.1716  0.0109
80.6519  9.115e-3
81.1351  9.115e-3
81.6212  9.115e-3
82.1102  9.115e-3
82.6021  9.115e-3
83.0969  9.115e-3
83.5947  9.115e-3
84.0956  7.292e-3
84.5994  7.292e-3
85.1062  7.292e-3
85.616  7.292e-3
86.129  7.292e-3
86.6449  7.292e-3
87.164  7.292e-3
87.6862  5.469e-3
88.2115  5.469e-3
88.74  5.469e-3
89.2716  5.469e-3
89.8064  5.469e-3
90.3444  5.469e-3
90.8857  5.469e-3
91.4302  5.469e-3
91.9779  5.469e-3
92.5289  3.646e-3
93.0833  3.646e-3
93.6409  1.823e-3
94.2019  1.823e-3
94.7663  1.823e-3
95.334  1.823e-3
95.9051  1.823e-3
96.4797  1.823e-3
97.0577  1.823e-3
97.6391  1.823e-3
98.2241  1.823e-3
98.8125  1.823e-3
